0	0
1	0
2	0
3	0
4	0
5	0
6	0
7	0
8	0
9	0
10	0
11	0
12	0
13	0
14	0
15	0
16	0
17	0
18	0
19	0
20	0
21	0
22	0
23	0
24	0
25	0
26	0
27	0
28	0
29	0
30	0
31	0
32	0
33	0
34	0
35	0
36	0
37	0
38	0
39	0
40	0
41	0
42	0
43	0
44	0
45	0
46	0
47	0
48	0
49	0
50	0
51	0
52	0
53	0
54	0
55	0
56	0
57	0
58	0
59	0
60	0
61	0
62	0
63	0
64	2
65	4
66	18
67	32
68	49
69	48
70	54
71	57
72	40
73	40
74	60
75	59
76	55
77	43
78	51
79	36
80	48
81	42
82	49
83	48
84	50
85	57
86	47
87	48
88	56
89	53
90	57
91	61
92	73
93	52
94	47
95	64
96	48
97	56
98	58
99	64
100	53
101	71
102	53
103	57
104	60
105	51
106	43
107	49
108	49
109	57
110	63
111	55
112	49
113	63
114	50
115	50
116	60
117	54
118	49
119	70
120	67
121	57
122	68
123	44
124	79
125	67
126	70
127	69
128	54
129	66
130	58
131	68
132	61
133	74
134	69
135	58
136	67
137	65
138	63
139	72
140	52
141	68
142	70
143	86
144	78
145	60
146	80
147	61
148	71
149	75
150	93
151	83
152	85
153	100
154	79
155	91
156	88
157	85
158	113
159	75
160	92
161	99
162	100
163	90
164	105
165	98
166	123
167	130
168	129
169	132
170	130
171	114
172	128
173	124
174	129
175	126
176	138
177	130
178	130
179	128
180	172
181	150
182	159
183	166
184	153
185	162
186	179
187	145
188	166
189	178
190	205
191	201
192	214
193	187
194	216
195	241
196	205
197	223
198	244
199	256
200	254
201	261
202	275
203	273
204	259
205	302
206	289
207	334
208	320
209	299
210	352
211	339
212	332
213	365
214	357
215	373
216	362
217	368
218	415
219	419
220	428
221	462
222	443
223	458
224	460
225	455
226	482
227	548
228	508
229	520
230	592
231	566
232	570
233	613
234	622
235	658
236	640
237	650
238	654
239	652
240	675
241	697
242	653
243	692
244	752
245	727
246	787
247	782
248	788
249	810
250	862
251	796
252	844
253	897
254	875
255	861
256	946
257	916
258	892
259	957
260	1018
261	899
262	930
263	926
264	936
265	1035
266	1008
267	915
268	975
269	1018
270	960
271	932
272	969
273	1013
274	959
275	989
276	1031
277	1009
278	1042
279	948
280	994
281	1002
282	927
283	945
284	955
285	946
286	995
287	862
288	938
289	912
290	964
291	870
292	884
293	834
294	858
295	866
296	863
297	816
298	810
299	847
300	759
301	785
302	753
303	715
304	765
305	688
306	722
307	658
308	671
309	664
310	639
311	639
312	606
313	631
314	558
315	587
316	549
317	604
318	561
319	565
320	517
321	510
322	506
323	468
324	473
325	467
326	450
327	450
328	442
329	464
330	438
331	415
332	433
333	383
334	378
335	351
336	348
337	336
338	358
339	341
340	330
341	301
342	313
343	327
344	313
345	271
346	304
347	308
348	247
349	279
350	275
351	236
352	267
353	275
354	248
355	219
356	250
357	237
358	230
359	209
360	192
361	223
362	185
363	191
364	208
365	171
366	183
367	180
368	174
369	173
370	166
371	155
372	142
373	146
374	145
375	167
376	142
377	148
378	128
379	133
380	121
381	131
382	110
383	113
384	122
385	115
386	111
387	110
388	98
389	104
390	100
391	91
392	71
393	85
394	73
395	85
396	83
397	88
398	65
399	89
400	71
401	80
402	85
403	74
404	67
405	62
406	62
407	45
408	64
409	53
410	39
411	39
412	64
413	60
414	52
415	56
416	44
417	54
418	47
419	52
420	43
421	44
422	51
423	48
424	44
425	50
426	45
427	63
428	43
429	39
430	29
431	43
432	36
433	43
434	39
435	42
436	42
437	42
438	43
439	33
440	35
441	40
442	37
443	40
444	41
445	46
446	40
447	38
448	43
449	36
450	28
451	41
452	44
453	32
454	33
455	28
456	38
457	44
458	38
459	47
460	40
461	35
462	39
463	32
464	43
465	36
466	39
467	33
468	44
469	43
470	41
471	40
472	37
473	34
474	42
475	42
476	37
477	39
478	26
479	40
480	49
481	41
482	41
483	45
484	46
485	26
486	44
487	36
488	50
489	44
490	41
491	52
492	52
493	49
494	45
495	53
496	39
497	54
498	64
499	46
500	52
501	31
502	57
503	52
504	56
505	56
506	54
507	37
508	56
509	53
510	56
511	54
512	65
513	49
514	54
515	61
516	49
517	55
518	48
519	53
520	49
521	60
522	64
523	58
524	65
525	58
526	65
527	56
528	71
529	61
530	51
531	60
532	48
533	51
534	40
535	59
536	71
537	80
538	77
539	79
540	57
541	60
542	61
543	60
544	65
545	69
546	62
547	72
548	70
549	67
550	57
551	56
552	78
553	58
554	70
555	56
556	75
557	76
558	69
559	61
560	70
561	74
562	52
563	61
564	64
565	70
566	90
567	93
568	71
569	74
570	69
571	68
572	100
573	60
574	69
575	63
576	77
577	86
578	63
579	90
580	76
581	82
582	89
583	99
584	77
585	85
586	91
587	77
588	85
589	84
590	75
591	94
592	85
593	104
594	79
595	81
596	71
597	70
598	81
599	85
600	72
601	80
602	74
603	77
604	98
605	88
606	85
607	74
608	76
609	90
610	88
611	106
612	82
613	73
614	84
615	84
616	80
617	85
618	66
619	92
620	103
621	103
622	79
623	78
624	91
625	73
626	83
627	62
628	92
629	87
630	78
631	87
632	86
633	89
634	78
635	100
636	91
637	101
638	72
639	80
640	89
641	89
642	74
643	83
644	91
645	70
646	61
647	80
648	83
649	83
650	72
651	75
652	83
653	71
654	84
655	84
656	78
657	87
658	64
659	83
660	74
661	88
662	79
663	74
664	88
665	75
666	69
667	74
668	71
669	93
670	65
671	76
672	96
673	78
674	78
675	82
676	74
677	75
678	89
679	74
680	70
681	76
682	61
683	58
684	65
685	72
686	66
687	72
688	68
689	63
690	76
691	77
692	72
693	75
694	86
695	61
696	80
697	67
698	61
699	65
700	59
701	76
702	62
703	81
704	67
705	75
706	72
707	67
708	63
709	67
710	62
711	82
712	59
713	63
714	69
715	67
716	63
717	67
718	67
719	65
720	64
721	75
722	77
723	72
724	68
725	72
726	80
727	74
728	69
729	69
730	68
731	92
732	62
733	72
734	82
735	69
736	60
737	59
738	98
739	81
740	85
741	82
742	75
743	78
744	91
745	70
746	74
747	79
748	77
749	80
750	80
751	76
752	80
753	77
754	81
755	63
756	88
757	99
758	95
759	94
760	88
761	82
762	91
763	88
764	78
765	89
766	88
767	82
768	107
769	89
770	104
771	101
772	105
773	105
774	96
775	97
776	94
777	102
778	94
779	85
780	109
781	90
782	93
783	87
784	87
785	110
786	101
787	95
788	104
789	108
790	85
791	97
792	89
793	112
794	103
795	101
796	117
797	95
798	123
799	108
800	91
801	93
802	107
803	87
804	110
805	98
806	102
807	110
808	119
809	100
810	88
811	104
812	111
813	100
814	104
815	93
816	95
817	101
818	96
819	109
820	95
821	127
822	104
823	113
824	97
825	97
826	98
827	100
828	103
829	90
830	90
831	82
832	106
833	93
834	101
835	118
836	94
837	78
838	88
839	88
840	91
841	92
842	80
843	80
844	110
845	96
846	98
847	106
848	87
849	106
850	91
851	82
852	101
853	102
854	103
855	104
856	92
857	101
858	85
859	102
860	82
861	100
862	79
863	95
864	85
865	76
866	87
867	72
868	84
869	73
870	72
871	93
872	86
873	95
874	73
875	76
876	89
877	87
878	91
879	69
880	74
881	85
882	88
883	89
884	75
885	83
886	79
887	90
888	103
889	96
890	72
891	88
892	84
893	84
894	85
895	83
896	85
897	80
898	76
899	87
900	78
901	86
902	75
903	90
904	107
905	100
906	81
907	78
908	78
909	82
910	82
911	94
912	69
913	78
914	89
915	88
916	99
917	80
918	61
919	91
920	92
921	84
922	78
923	77
924	95
925	91
926	80
927	91
928	85
929	92
930	97
931	92
932	95
933	111
934	97
935	83
936	89
937	99
938	108
939	85
940	102
941	112
942	117
943	81
944	122
945	99
946	108
947	101
948	87
949	114
950	120
951	130
952	113
953	122
954	119
955	104
956	140
957	109
958	108
959	115
960	122
961	141
962	120
963	131
964	126
965	129
966	143
967	125
968	112
969	143
970	149
971	130
972	172
973	144
974	144
975	161
976	151
977	175
978	166
979	170
980	172
981	141
982	170
983	208
984	185
985	192
986	184
987	152
988	175
989	203
990	167
991	199
992	179
993	187
994	180
995	188
996	214
997	218
998	244
999	240
1000	223
1001	244
1002	239
1003	231
1004	235
1005	235
1006	256
1007	247
1008	242
1009	244
1010	266
1011	278
1012	262
1013	244
1014	264
1015	277
1016	276
1017	290
1018	284
1019	283
1020	279
1021	314
1022	312
1023	308
1024	297
1025	344
1026	284
1027	323
1028	343
1029	307
1030	337
1031	361
1032	313
1033	351
1034	367
1035	321
1036	320
1037	363
1038	364
1039	381
1040	409
1041	416
1042	431
1043	390
1044	427
1045	409
1046	409
1047	414
1048	426
1049	425
1050	423
1051	433
1052	451
1053	481
1054	454
1055	492
1056	444
1057	456
1058	498
1059	429
1060	510
1061	455
1062	500
1063	518
1064	489
1065	485
1066	566
1067	476
1068	454
1069	498
1070	519
1071	505
1072	504
1073	492
1074	498
1075	505
1076	516
1077	530
1078	517
1079	505
1080	538
1081	489
1082	544
1083	530
1084	504
1085	550
1086	514
1087	527
1088	495
1089	518
1090	527
1091	545
1092	531
1093	523
1094	528
1095	535
1096	518
1097	499
1098	489
1099	549
1100	498
1101	514
1102	498
1103	551
1104	507
1105	507
1106	526
1107	491
1108	496
1109	483
1110	517
1111	520
1112	454
1113	506
1114	464
1115	449
1116	432
1117	465
1118	452
1119	441
1120	471
1121	448
1122	443
1123	435
1124	446
1125	415
1126	393
1127	420
1128	431
1129	409
1130	396
1131	419
1132	425
1133	403
1134	381
1135	385
1136	387
1137	351
1138	368
1139	324
1140	341
1141	345
1142	336
1143	330
1144	348
1145	337
1146	309
1147	333
1148	290
1149	281
1150	303
1151	309
1152	270
1153	284
1154	290
1155	276
1156	246
1157	250
1158	282
1159	248
1160	236
1161	260
1162	222
1163	243
1164	228
1165	230
1166	217
1167	216
1168	195
1169	186
1170	178
1171	194
1172	184
1173	195
1174	170
1175	177
1176	156
1177	157
1178	148
1179	162
1180	148
1181	146
1182	148
1183	163
1184	151
1185	137
1186	149
1187	132
1188	129
1189	127
1190	127
1191	131
1192	116
1193	125
1194	105
1195	123
1196	116
1197	104
1198	116
1199	101
1200	103
1201	102
1202	101
1203	102
1204	83
1205	91
1206	70
1207	95
1208	76
1209	90
1210	81
1211	87
1212	75
1213	62
1214	79
1215	91
1216	68
1217	73
1218	64
1219	66
1220	61
1221	59
1222	60
1223	56
1224	58
1225	58
1226	59
1227	55
1228	48
1229	53
1230	58
1231	50
1232	54
1233	48
1234	54
1235	43
1236	43
1237	44
1238	55
1239	40
1240	39
1241	40
1242	30
1243	41
1244	33
1245	30
1246	47
1247	55
1248	38
1249	38
1250	35
1251	38
1252	32
1253	36
1254	46
1255	40
1256	35
1257	32
1258	28
1259	37
1260	36
1261	37
1262	36
1263	30
1264	44
1265	52
1266	35
1267	26
1268	28
1269	32
1270	37
1271	27
1272	30
1273	32
1274	44
1275	32
1276	39
1277	28
1278	42
1279	24
1280	44
1281	44
1282	32
1283	34
1284	28
1285	34
1286	43
1287	32
1288	23
1289	40
1290	39
1291	30
1292	33
1293	32
1294	32
1295	34
1296	29
1297	31
1298	36
1299	33
1300	37
1301	33
1302	33
1303	30
1304	41
1305	25
1306	47
1307	30
1308	32
1309	27
1310	34
1311	28
1312	27
1313	33
1314	40
1315	38
1316	37
1317	31
1318	30
1319	31
1320	34
1321	31
1322	36
1323	31
1324	39
1325	24
1326	36
1327	30
1328	38
1329	34
1330	29
1331	26
1332	32
1333	37
1334	29
1335	37
1336	34
1337	37
1338	26
1339	44
1340	41
1341	33
1342	34
1343	39
1344	44
1345	32
1346	29
1347	38
1348	33
1349	27
1350	43
1351	32
1352	31
1353	38
1354	33
1355	32
1356	34
1357	37
1358	38
1359	41
1360	34
1361	23
1362	34
1363	39
1364	26
1365	25
1366	30
1367	32
1368	41
1369	36
1370	36
1371	31
1372	38
1373	33
1374	27
1375	46
1376	38
1377	29
1378	31
1379	40
1380	27
1381	46
1382	35
1383	43
1384	38
1385	31
1386	46
1387	34
1388	28
1389	23
1390	41
1391	40
1392	38
1393	38
1394	48
1395	35
1396	36
1397	22
1398	37
1399	34
1400	38
1401	34
1402	35
1403	36
1404	30
1405	30
1406	33
1407	44
1408	37
1409	40
1410	38
1411	35
1412	32
1413	36
1414	30
1415	37
1416	34
1417	34
1418	29
1419	45
1420	31
1421	43
1422	33
1423	27
1424	36
1425	42
1426	42
1427	40
1428	39
1429	36
1430	39
1431	28
1432	38
1433	36
1434	39
1435	30
1436	31
1437	40
1438	38
1439	45
1440	36
1441	34
1442	32
1443	37
1444	31
1445	37
1446	43
1447	48
1448	32
1449	43
1450	39
1451	28
1452	42
1453	33
1454	43
1455	34
1456	35
1457	44
1458	55
1459	50
1460	48
1461	36
1462	39
1463	47
1464	33
1465	42
1466	36
1467	49
1468	36
1469	40
1470	49
1471	37
1472	32
1473	41
1474	36
1475	43
1476	35
1477	39
1478	38
1479	52
1480	64
1481	43
1482	46
1483	37
1484	51
1485	46
1486	52
1487	31
1488	39
1489	47
1490	43
1491	40
1492	58
1493	41
1494	49
1495	39
1496	48
1497	38
1498	48
1499	62
1500	50
1501	49
1502	50
1503	38
1504	44
1505	46
1506	41
1507	43
1508	48
1509	55
1510	70
1511	55
1512	54
1513	62
1514	57
1515	64
1516	50
1517	50
1518	54
1519	63
1520	55
1521	60
1522	58
1523	54
1524	60
1525	52
1526	62
1527	57
1528	58
1529	60
1530	60
1531	57
1532	61
1533	50
1534	63
1535	59
1536	58
1537	59
1538	48
1539	51
1540	49
1541	64
1542	75
1543	63
1544	66
1545	79
1546	58
1547	61
1548	66
1549	57
1550	56
1551	74
1552	65
1553	73
1554	56
1555	57
1556	62
1557	60
1558	55
1559	62
1560	60
1561	68
1562	60
1563	71
1564	79
1565	63
1566	78
1567	69
1568	54
1569	77
1570	74
1571	69
1572	73
1573	72
1574	75
1575	71
1576	78
1577	81
1578	77
1579	69
1580	75
1581	68
1582	77
1583	71
1584	83
1585	67
1586	77
1587	78
1588	78
1589	73
1590	67
1591	84
1592	74
1593	83
1594	66
1595	69
1596	67
1597	83
1598	69
1599	83
1600	65
1601	83
1602	75
1603	65
1604	53
1605	84
1606	94
1607	71
1608	63
1609	73
1610	80
1611	94
1612	75
1613	63
1614	71
1615	78
1616	80
1617	82
1618	76
1619	74
1620	65
1621	78
1622	61
1623	78
1624	72
1625	71
1626	74
1627	80
1628	53
1629	68
1630	79
1631	69
1632	85
1633	77
1634	68
1635	68
1636	60
1637	53
1638	85
1639	76
1640	63
1641	63
1642	71
1643	60
1644	53
1645	63
1646	70
1647	72
1648	71
1649	68
1650	54
1651	65
1652	69
1653	72
1654	55
1655	67
1656	65
1657	81
1658	47
1659	64
1660	53
1661	53
1662	56
1663	63
1664	63
1665	57
1666	58
1667	61
1668	53
1669	48
1670	62
1671	65
1672	41
1673	60
1674	63
1675	48
1676	53
1677	64
1678	56
1679	55
1680	47
1681	63
1682	56
1683	60
1684	42
1685	55
1686	62
1687	68
1688	63
1689	47
1690	47
1691	58
1692	39
1693	46
1694	63
1695	61
1696	44
1697	43
1698	39
1699	36
1700	51
1701	56
1702	50
1703	39
1704	54
1705	51
1706	39
1707	41
1708	52
1709	43
1710	48
1711	53
1712	46
1713	35
1714	49
1715	44
1716	45
1717	32
1718	39
1719	31
1720	45
1721	39
1722	40
1723	52
1724	34
1725	39
1726	36
1727	40
1728	44
1729	51
1730	42
1731	41
1732	38
1733	40
1734	47
1735	34
1736	31
1737	42
1738	34
1739	34
1740	37
1741	36
1742	31
1743	53
1744	43
1745	44
1746	43
1747	31
1748	40
1749	38
1750	26
1751	37
1752	41
1753	36
1754	36
1755	30
1756	37
1757	33
1758	30
1759	42
1760	39
1761	25
1762	36
1763	31
1764	25
1765	35
1766	45
1767	33
1768	35
1769	37
1770	42
1771	26
1772	30
1773	39
1774	31
1775	48
1776	30
1777	29
1778	35
1779	43
1780	30
1781	43
1782	40
1783	28
1784	34
1785	39
1786	45
1787	25
1788	34
1789	30
1790	23
1791	31
1792	26
1793	28
1794	37
1795	43
1796	46
1797	21
1798	28
1799	44
1800	29
1801	27
1802	31
1803	27
1804	33
1805	31
1806	41
1807	32
1808	36
1809	33
1810	24
1811	29
1812	36
1813	29
1814	38
1815	36
1816	26
1817	40
1818	30
1819	39
1820	29
1821	31
1822	31
1823	40
1824	29
1825	32
1826	37
1827	37
1828	34
1829	48
1830	35
1831	35
1832	26
1833	34
1834	33
1835	29
1836	28
1837	24
1838	28
1839	34
1840	26
1841	29
1842	36
1843	29
1844	33
1845	25
1846	23
1847	42
1848	49
1849	25
1850	27
1851	33
1852	32
1853	28
1854	41
1855	30
1856	33
1857	36
1858	41
1859	41
1860	31
1861	34
1862	34
1863	33
1864	33
1865	38
1866	38
1867	39
1868	36
1869	37
1870	40
1871	35
1872	27
1873	24
1874	43
1875	22
1876	41
1877	31
1878	40
1879	36
1880	36
1881	33
1882	36
1883	28
1884	34
1885	50
1886	42
1887	39
1888	28
1889	44
1890	45
1891	27
1892	31
1893	38
1894	42
1895	37
1896	34
1897	40
1898	35
1899	43
1900	27
1901	37
1902	45
1903	33
1904	33
1905	40
1906	47
1907	45
1908	45
1909	33
1910	42
1911	36
1912	49
1913	26
1914	31
1915	28
1916	44
1917	41
1918	51
1919	39
1920	49
1921	28
1922	43
1923	34
1924	37
1925	34
1926	38
1927	34
1928	38
1929	42
1930	32
1931	47
1932	53
1933	31
1934	53
1935	49
1936	49
1937	45
1938	56
1939	36
1940	43
1941	39
1942	44
1943	35
1944	41
1945	40
1946	42
1947	50
1948	51
1949	48
1950	31
1951	43
1952	41
1953	37
1954	43
1955	32
1956	51
1957	37
1958	27
1959	43
1960	47
1961	34
1962	40
1963	40
1964	43
1965	38
1966	42
1967	39
1968	39
1969	53
1970	30
1971	52
1972	39
1973	42
1974	47
1975	49
1976	43
1977	58
1978	48
1979	37
1980	37
1981	61
1982	39
1983	38
1984	61
1985	31
1986	52
1987	46
1988	51
1989	34
1990	29
1991	49
1992	40
1993	60
1994	52
1995	33
1996	42
1997	47
1998	50
1999	51
2000	39
2001	47
2002	39
2003	36
2004	55
2005	59
2006	49
2007	41
2008	44
2009	45
2010	49
2011	36
2012	37
2013	47
2014	49
2015	50
2016	42
2017	53
2018	44
2019	43
2020	49
2021	45
2022	43
2023	52
2024	39
2025	46
2026	51
2027	44
2028	32
2029	55
2030	38
2031	42
2032	53
2033	45
2034	47
2035	37
2036	32
2037	45
2038	41
2039	55
2040	55
2041	51
2042	49
2043	50
2044	52
2045	44
2046	31
2047	45
2048	50
2049	34
2050	41
2051	50
2052	57
2053	35
2054	45
2055	55
2056	52
2057	43
2058	59
2059	54
2060	51
2061	51
2062	57
2063	45
2064	29
2065	46
2066	54
2067	48
2068	54
2069	43
2070	62
2071	48
2072	42
2073	48
2074	42
2075	45
2076	54
2077	49
2078	46
2079	45
2080	57
2081	58
2082	55
2083	65
2084	52
2085	42
2086	55
2087	57
2088	45
2089	45
2090	47
2091	55
2092	44
2093	62
2094	50
2095	44
2096	66
2097	46
2098	42
2099	46
2100	53
2101	51
2102	44
2103	48
2104	58
2105	49
2106	42
2107	48
2108	48
2109	59
2110	62
2111	66
2112	52
2113	59
2114	50
2115	59
2116	47
2117	57
2118	64
2119	58
2120	51
2121	56
2122	61
2123	57
2124	56
2125	45
2126	58
2127	59
2128	44
2129	49
2130	46
2131	58
2132	57
2133	49
2134	66
2135	54
2136	56
2137	41
2138	57
2139	67
2140	44
2141	73
2142	51
2143	48
2144	47
2145	51
2146	57
2147	53
2148	54
2149	61
2150	70
2151	63
2152	54
2153	53
2154	59
2155	59
2156	60
2157	60
2158	63
2159	60
2160	50
2161	39
2162	60
2163	57
2164	60
2165	58
2166	63
2167	62
2168	50
2169	62
2170	57
2171	82
2172	48
2173	59
2174	52
2175	58
2176	60
2177	56
2178	56
2179	73
2180	48
2181	63
2182	48
2183	68
2184	50
2185	72
2186	51
2187	56
2188	69
2189	57
2190	51
2191	56
2192	52
2193	57
2194	54
2195	57
2196	61
2197	69
2198	62
2199	61
2200	45
2201	53
2202	79
2203	68
2204	62
2205	57
2206	65
2207	67
2208	69
2209	72
2210	57
2211	51
2212	56
2213	47
2214	58
2215	78
2216	62
2217	65
2218	65
2219	65
2220	69
2221	61
2222	50
2223	64
2224	61
2225	65
2226	63
2227	70
2228	61
2229	71
2230	64
2231	61
2232	62
2233	60
2234	62
2235	43
2236	65
2237	71
2238	61
2239	60
2240	52
2241	56
2242	56
2243	60
2244	54
2245	56
2246	74
2247	62
2248	66
2249	58
2250	71
2251	76
2252	76
2253	62
2254	71
2255	59
2256	60
2257	64
2258	84
2259	65
2260	79
2261	62
2262	58
2263	70
2264	52
2265	60
2266	60
2267	57
2268	61
2269	54
2270	49
2271	55
2272	55
2273	54
2274	52
2275	74
2276	76
2277	65
2278	58
2279	60
2280	58
2281	50
2282	60
2283	64
2284	58
2285	63
2286	71
2287	59
2288	57
2289	61
2290	53
2291	81
2292	62
2293	58
2294	51
2295	59
2296	64
2297	65
2298	73
2299	56
2300	69
2301	64
2302	59
2303	68
2304	47
2305	66
2306	61
2307	55
2308	58
2309	49
2310	61
2311	61
2312	72
2313	59
2314	59
2315	71
2316	56
2317	52
2318	66
2319	58
2320	71
2321	58
2322	57
2323	71
2324	61
2325	66
2326	69
2327	53
2328	52
2329	53
2330	56
2331	46
2332	51
2333	67
2334	53
2335	48
2336	50
2337	40
2338	60
2339	91
2340	55
2341	71
2342	60
2343	51
2344	66
2345	48
2346	42
2347	59
2348	59
2349	58
2350	57
2351	54
2352	73
2353	63
2354	65
2355	53
2356	50
2357	55
2358	64
2359	66
2360	57
2361	62
2362	50
2363	75
2364	65
2365	64
2366	49
2367	65
2368	46
2369	45
2370	57
2371	62
2372	46
2373	65
2374	59
2375	60
2376	57
2377	57
2378	52
2379	51
2380	56
2381	63
2382	66
2383	40
2384	65
2385	54
2386	63
2387	51
2388	53
2389	65
2390	47
2391	66
2392	50
2393	51
2394	59
2395	58
2396	65
2397	51
2398	53
2399	60
2400	60
2401	50
2402	61
2403	68
2404	77
2405	57
2406	54
2407	51
2408	58
2409	55
2410	61
2411	53
2412	53
2413	45
2414	46
2415	52
2416	50
2417	44
2418	64
2419	55
2420	44
2421	50
2422	54
2423	43
2424	56
2425	54
2426	64
2427	65
2428	58
2429	56
2430	60
2431	50
2432	54
2433	70
2434	45
2435	61
2436	60
2437	48
2438	54
2439	63
2440	57
2441	63
2442	52
2443	52
2444	47
2445	58
2446	66
2447	39
2448	54
2449	71
2450	55
2451	49
2452	56
2453	41
2454	53
2455	59
2456	48
2457	58
2458	39
2459	50
2460	41
2461	40
2462	50
2463	53
2464	54
2465	50
2466	40
2467	59
2468	48
2469	43
2470	44
2471	51
2472	58
2473	41
2474	46
2475	47
2476	59
2477	58
2478	57
2479	68
2480	52
2481	51
2482	58
2483	46
2484	47
2485	38
2486	51
2487	53
2488	43
2489	42
2490	58
2491	43
2492	50
2493	42
2494	53
2495	53
2496	47
2497	54
2498	57
2499	63
2500	41
2501	40
2502	46
2503	60
2504	46
2505	56
2506	59
2507	54
2508	31
2509	49
2510	51
2511	56
2512	38
2513	62
2514	51
2515	37
2516	54
2517	47
2518	52
2519	47
2520	38
2521	37
2522	43
2523	57
2524	58
2525	55
2526	46
2527	46
2528	55
2529	53
2530	51
2531	48
2532	53
2533	36
2534	46
2535	47
2536	40
2537	51
2538	56
2539	53
2540	47
2541	50
2542	54
2543	54
2544	60
2545	47
2546	41
2547	54
2548	43
2549	56
2550	52
2551	47
2552	40
2553	44
2554	54
2555	54
2556	56
2557	46
2558	58
2559	55
2560	37
2561	44
2562	52
2563	49
2564	65
2565	41
2566	43
2567	44
2568	45
2569	51
2570	48
2571	54
2572	42
2573	53
2574	48
2575	45
2576	49
2577	60
2578	47
2579	45
2580	50
2581	41
2582	60
2583	46
2584	45
2585	66
2586	39
2587	56
2588	51
2589	40
2590	46
2591	41
2592	46
2593	44
2594	46
2595	40
2596	57
2597	59
2598	51
2599	53
2600	42
2601	42
2602	37
2603	56
2604	56
2605	48
2606	53
2607	52
2608	45
2609	56
2610	46
2611	49
2612	48
2613	48
2614	52
2615	55
2616	43
2617	36
2618	39
2619	47
2620	38
2621	61
2622	36
2623	47
2624	41
2625	46
2626	46
2627	45
2628	43
2629	50
2630	37
2631	45
2632	49
2633	63
2634	46
2635	40
2636	49
2637	59
2638	44
2639	43
2640	45
2641	29
2642	53
2643	47
2644	48
2645	43
2646	57
2647	38
2648	52
2649	44
2650	46
2651	42
2652	40
2653	41
2654	42
2655	43
2656	39
2657	46
2658	59
2659	47
2660	43
2661	50
2662	47
2663	40
2664	33
2665	53
2666	38
2667	49
2668	49
2669	33
2670	28
2671	53
2672	51
2673	54
2674	48
2675	43
2676	56
2677	45
2678	45
2679	37
2680	53
2681	39
2682	32
2683	38
2684	48
2685	44
2686	33
2687	44
2688	48
2689	40
2690	44
2691	43
2692	35
2693	38
2694	54
2695	58
2696	56
2697	36
2698	33
2699	54
2700	43
2701	36
2702	45
2703	38
2704	36
2705	42
2706	48
2707	57
2708	36
2709	32
2710	37
2711	42
2712	42
2713	51
2714	53
2715	43
2716	55
2717	55
2718	44
2719	36
2720	38
2721	39
2722	53
2723	52
2724	38
2725	40
2726	35
2727	53
2728	53
2729	44
2730	46
2731	46
2732	52
2733	41
2734	33
2735	40
2736	35
2737	42
2738	45
2739	38
2740	45
2741	43
2742	39
2743	48
2744	39
2745	53
2746	51
2747	43
2748	43
2749	46
2750	43
2751	44
2752	53
2753	42
2754	38
2755	49
2756	40
2757	48
2758	47
2759	47
2760	46
2761	45
2762	37
2763	49
2764	40
2765	47
2766	44
2767	41
2768	39
2769	36
2770	44
2771	44
2772	51
2773	35
2774	37
2775	44
2776	52
2777	37
2778	44
2779	46
2780	39
2781	48
2782	46
2783	40
2784	40
2785	45
2786	49
2787	46
2788	31
2789	37
2790	33
2791	40
2792	37
2793	39
2794	34
2795	39
2796	39
2797	40
2798	30
2799	45
2800	37
2801	39
2802	38
2803	39
2804	54
2805	37
2806	36
2807	50
2808	49
2809	34
2810	35
2811	34
2812	30
2813	36
2814	42
2815	46
2816	42
2817	49
2818	38
2819	33
2820	28
2821	45
2822	36
2823	25
2824	40
2825	43
2826	46
2827	35
2828	33
2829	47
2830	33
2831	26
2832	42
2833	37
2834	34
2835	52
2836	42
2837	49
2838	39
2839	50
2840	38
2841	44
2842	38
2843	34
2844	44
2845	50
2846	34
2847	46
2848	49
2849	32
2850	37
2851	43
2852	45
2853	34
2854	46
2855	36
2856	37
2857	42
2858	35
2859	42
2860	44
2861	34
2862	30
2863	37
2864	40
2865	33
2866	45
2867	33
2868	31
2869	34
2870	33
2871	42
2872	34
2873	51
2874	40
2875	49
2876	41
2877	43
2878	60
2879	28
2880	38
2881	27
2882	31
2883	44
2884	31
2885	37
2886	32
2887	21
2888	41
2889	33
2890	33
2891	29
2892	40
2893	32
2894	39
2895	40
2896	44
2897	37
2898	31
2899	32
2900	34
2901	35
2902	32
2903	41
2904	27
2905	46
2906	35
2907	38
2908	43
2909	37
2910	32
2911	36
2912	45
2913	33
2914	38
2915	43
2916	39
2917	35
2918	41
2919	39
2920	33
2921	39
2922	37
2923	47
2924	35
2925	32
2926	39
2927	43
2928	34
2929	28
2930	25
2931	37
2932	32
2933	28
2934	45
2935	43
2936	31
2937	30
2938	35
2939	33
2940	32
2941	29
2942	33
2943	40
2944	44
2945	44
2946	32
2947	38
2948	32
2949	38
2950	36
2951	43
2952	22
2953	33
2954	41
2955	27
2956	28
2957	24
2958	41
2959	23
2960	33
2961	26
2962	37
2963	48
2964	28
2965	43
2966	45
2967	20
2968	31
2969	37
2970	34
2971	42
2972	42
2973	31
2974	31
2975	28
2976	25
2977	39
2978	37
2979	27
2980	24
2981	26
2982	34
2983	40
2984	37
2985	27
2986	30
2987	41
2988	31
2989	35
2990	25
2991	39
2992	36
2993	36
2994	19
2995	34
2996	35
2997	36
2998	30
2999	30
3000	26
3001	28
3002	33
3003	37
3004	33
3005	38
3006	32
3007	35
3008	26
3009	36
3010	28
3011	37
3012	39
3013	31
3014	35
3015	29
3016	36
3017	44
3018	31
3019	25
3020	31
3021	33
3022	36
3023	28
3024	37
3025	29
3026	49
3027	41
3028	24
3029	38
3030	32
3031	47
3032	28
3033	27
3034	27
3035	21
3036	39
3037	41
3038	39
3039	25
3040	30
3041	42
3042	35
3043	32
3044	28
3045	34
3046	26
3047	31
3048	23
3049	27
3050	29
3051	28
3052	33
3053	35
3054	25
3055	35
3056	32
3057	29
3058	36
3059	29
3060	29
3061	30
3062	39
3063	34
3064	26
3065	31
3066	33
3067	44
3068	29
3069	34
3070	29
3071	31
3072	36
3073	28
3074	20
3075	26
3076	36
3077	26
3078	24
3079	34
3080	36
3081	46
3082	31
3083	32
3084	36
3085	26
3086	29
3087	32
3088	30
3089	41
3090	33
3091	33
3092	33
3093	31
3094	23
3095	38
3096	34
3097	30
3098	34
3099	33
3100	29
3101	35
3102	32
3103	37
3104	42
3105	32
3106	40
3107	33
3108	31
3109	32
3110	37
3111	32
3112	28
3113	33
3114	28
3115	25
3116	28
3117	21
3118	24
3119	34
3120	25
3121	32
3122	21
3123	35
3124	30
3125	41
3126	27
3127	28
3128	26
3129	36
3130	23
3131	37
3132	33
3133	31
3134	37
3135	25
3136	29
3137	26
3138	32
3139	38
3140	34
3141	29
3142	26
3143	24
3144	29
3145	32
3146	22
3147	23
3148	29
3149	21
3150	32
3151	31
3152	34
3153	28
3154	23
3155	24
3156	28
3157	33
3158	29
3159	33
3160	39
3161	31
3162	24
3163	32
3164	28
3165	26
3166	27
3167	28
3168	41
3169	23
3170	25
3171	39
3172	28
3173	34
3174	26
3175	25
3176	33
3177	30
3178	31
3179	34
3180	23
3181	26
3182	29
3183	24
3184	24
3185	38
3186	37
3187	25
3188	33
3189	29
3190	39
3191	29
3192	31
3193	31
3194	31
3195	31
3196	24
3197	27
3198	24
3199	26
3200	29
3201	38
3202	21
3203	40
3204	29
3205	38
3206	29
3207	25
3208	28
3209	31
3210	26
3211	23
3212	36
3213	28
3214	40
3215	25
3216	40
3217	18
3218	35
3219	29
3220	27
3221	32
3222	34
3223	24
3224	23
3225	34
3226	38
3227	19
3228	30
3229	32
3230	40
3231	26
3232	32
3233	29
3234	17
3235	33
3236	30
3237	28
3238	29
3239	29
3240	27
3241	26
3242	26
3243	32
3244	40
3245	27
3246	21
3247	27
3248	26
3249	27
3250	31
3251	32
3252	30
3253	29
3254	33
3255	38
3256	40
3257	19
3258	29
3259	32
3260	29
3261	29
3262	34
3263	33
3264	20
3265	25
3266	26
3267	24
3268	29
3269	38
3270	35
3271	24
3272	24
3273	19
3274	32
3275	26
3276	28
3277	33
3278	34
3279	27
3280	20
3281	26
3282	24
3283	28
3284	23
3285	29
3286	23
3287	28
3288	24
3289	32
3290	29
3291	32
3292	32
3293	27
3294	28
3295	29
3296	25
3297	31
3298	27
3299	30
3300	27
3301	23
3302	30
3303	24
3304	32
3305	20
3306	28
3307	30
3308	30
3309	30
3310	20
3311	27
3312	29
3313	28
3314	24
3315	28
3316	20
3317	23
3318	27
3319	31
3320	32
3321	26
3322	26
3323	27
3324	34
3325	27
3326	31
3327	37
3328	29
3329	21
3330	28
3331	21
3332	26
3333	28
3334	27
3335	29
3336	28
3337	37
3338	26
3339	26
3340	29
3341	33
3342	31
3343	23
3344	23
3345	26
3346	28
3347	24
3348	24
3349	26
3350	27
3351	25
3352	19
3353	25
3354	28
3355	29
3356	35
3357	23
3358	18
3359	27
3360	17
3361	21
3362	21
3363	29
3364	27
3365	28
3366	30
3367	21
3368	30
3369	32
3370	22
3371	29
3372	19
3373	21
3374	24
3375	23
3376	31
3377	30
3378	31
3379	21
3380	20
3381	19
3382	36
3383	23
3384	35
3385	29
3386	27
3387	21
3388	28
3389	28
3390	25
3391	23
3392	39
3393	27
3394	25
3395	20
3396	28
3397	23
3398	22
3399	27
3400	19
3401	20
3402	28
3403	33
3404	25
3405	21
3406	26
3407	25
3408	22
3409	21
3410	25
3411	26
3412	23
3413	20
3414	32
3415	28
3416	29
3417	24
3418	27
3419	14
3420	19
3421	25
3422	21
3423	31
3424	14
3425	22
3426	14
3427	36
3428	22
3429	26
3430	25
3431	20
3432	31
3433	22
3434	17
3435	28
3436	27
3437	23
3438	17
3439	31
3440	31
3441	19
3442	21
3443	21
3444	29
3445	20
3446	29
3447	23
3448	20
3449	15
3450	30
3451	17
3452	33
3453	25
3454	26
3455	25
3456	25
3457	27
3458	22
3459	25
3460	25
3461	24
3462	25
3463	32
3464	32
3465	24
3466	22
3467	28
3468	21
3469	19
3470	12
3471	14
3472	24
3473	24
3474	24
3475	27
3476	16
3477	27
3478	28
3479	23
3480	25
3481	26
3482	22
3483	24
3484	18
3485	13
3486	30
3487	18
3488	22
3489	19
3490	18
3491	21
3492	28
3493	23
3494	27
3495	21
3496	29
3497	27
3498	26
3499	23
3500	17
3501	25
3502	21
3503	25
3504	20
3505	26
3506	20
3507	23
3508	31
3509	26
3510	21
3511	30
3512	17
3513	21
3514	20
3515	21
3516	19
3517	22
3518	17
3519	24
3520	23
3521	18
3522	24
3523	17
3524	30
3525	15
3526	21
3527	26
3528	19
3529	27
3530	36
3531	30
3532	15
3533	26
3534	26
3535	23
3536	23
3537	14
3538	20
3539	20
3540	23
3541	25
3542	29
3543	17
3544	17
3545	16
3546	17
3547	22
3548	21
3549	22
3550	14
3551	25
3552	28
3553	23
3554	23
3555	21
3556	30
3557	22
3558	24
3559	28
3560	23
3561	22
3562	16
3563	14
3564	27
3565	20
3566	24
3567	22
3568	17
3569	14
3570	20
3571	38
3572	27
3573	16
3574	30
3575	15
3576	28
3577	27
3578	26
3579	14
3580	22
3581	24
3582	26
3583	24
3584	20
3585	20
3586	20
3587	25
3588	17
3589	22
3590	24
3591	18
3592	22
3593	24
3594	18
3595	19
3596	18
3597	18
3598	25
3599	24
3600	23
3601	23
3602	21
3603	27
3604	24
3605	25
3606	17
3607	25
3608	22
3609	27
3610	21
3611	25
3612	27
3613	24
3614	14
3615	32
3616	22
3617	26
3618	23
3619	24
3620	12
3621	23
3622	23
3623	14
3624	18
3625	21
3626	16
3627	26
3628	30
3629	20
3630	25
3631	15
3632	27
3633	25
3634	28
3635	33
3636	29
3637	21
3638	20
3639	30
3640	22
3641	18
3642	14
3643	17
3644	23
3645	26
3646	27
3647	26
3648	24
3649	26
3650	19
3651	32
3652	28
3653	26
3654	21
3655	30
3656	26
3657	27
3658	24
3659	27
3660	21
3661	34
3662	31
3663	26
3664	16
3665	30
3666	24
3667	27
3668	21
3669	33
3670	22
3671	23
3672	27
3673	32
3674	24
3675	31
3676	37
3677	23
3678	25
3679	29
3680	30
3681	30
3682	26
3683	35
3684	24
3685	32
3686	21
3687	31
3688	22
3689	36
3690	33
3691	24
3692	29
3693	16
3694	29
3695	29
3696	22
3697	21
3698	29
3699	25
3700	31
3701	27
3702	24
3703	31
3704	26
3705	27
3706	27
3707	24
3708	25
3709	33
3710	25
3711	26
3712	30
3713	28
3714	27
3715	33
3716	30
3717	27
3718	30
3719	33
3720	25
3721	23
3722	32
3723	36
3724	44
3725	38
3726	25
3727	37
3728	32
3729	25
3730	34
3731	28
3732	27
3733	41
3734	29
3735	33
3736	25
3737	27
3738	31
3739	35
3740	37
3741	29
3742	30
3743	28
3744	42
3745	34
3746	35
3747	34
3748	30
3749	34
3750	34
3751	32
3752	37
3753	37
3754	40
3755	27
3756	40
3757	33
3758	39
3759	38
3760	33
3761	24
3762	47
3763	40
3764	23
3765	36
3766	41
3767	43
3768	38
3769	40
3770	21
3771	37
3772	37
3773	37
3774	28
3775	46
3776	34
3777	41
3778	34
3779	31
3780	37
3781	34
3782	34
3783	32
3784	33
3785	41
3786	40
3787	38
3788	39
3789	24
3790	45
3791	44
3792	34
3793	40
3794	26
3795	37
3796	41
3797	43
3798	42
3799	46
3800	49
3801	37
3802	45
3803	42
3804	29
3805	40
3806	41
3807	38
3808	41
3809	48
3810	43
3811	43
3812	43
3813	44
3814	47
3815	36
3816	46
3817	46
3818	35
3819	38
3820	51
3821	54
3822	49
3823	40
3824	41
3825	43
3826	44
3827	42
3828	49
3829	33
3830	37
3831	48
3832	37
3833	28
3834	41
3835	44
3836	42
3837	37
3838	36
3839	42
3840	60
3841	32
3842	44
3843	48
3844	50
3845	44
3846	58
3847	50
3848	53
3849	50
3850	57
3851	56
3852	51
3853	35
3854	41
3855	47
3856	46
3857	59
3858	42
3859	55
3860	39
3861	44
3862	45
3863	41
3864	35
3865	43
3866	48
3867	41
3868	47
3869	52
3870	55
3871	50
3872	62
3873	50
3874	52
3875	59
3876	52
3877	60
3878	47
3879	58
3880	50
3881	55
3882	58
3883	52
3884	53
3885	57
3886	52
3887	55
3888	41
3889	51
3890	50
3891	47
3892	55
3893	55
3894	54
3895	49
3896	69
3897	55
3898	53
3899	53
3900	53
3901	59
3902	56
3903	63
3904	51
3905	49
3906	61
3907	62
3908	60
3909	42
3910	52
3911	54
3912	47
3913	68
3914	48
3915	54
3916	51
3917	50
3918	67
3919	40
3920	51
3921	56
3922	41
3923	58
3924	47
3925	58
3926	55
3927	68
3928	48
3929	46
3930	50
3931	55
3932	44
3933	49
3934	49
3935	45
3936	55
3937	58
3938	49
3939	47
3940	51
3941	49
3942	48
3943	66
3944	37
3945	53
3946	70
3947	60
3948	48
3949	53
3950	49
3951	56
3952	69
3953	63
3954	58
3955	61
3956	54
3957	60
3958	61
3959	60
3960	57
3961	43
3962	60
3963	66
3964	50
3965	54
3966	60
3967	48
3968	57
3969	54
3970	42
3971	54
3972	48
3973	69
3974	54
3975	58
3976	66
3977	45
3978	54
3979	45
3980	53
3981	41
3982	72
3983	52
3984	67
3985	57
3986	43
3987	52
3988	66
3989	54
3990	65
3991	61
3992	59
3993	57
3994	66
3995	61
3996	52
3997	57
3998	56
3999	56
4000	56
4001	69
4002	53
4003	64
4004	70
4005	63
4006	48
4007	60
4008	56
4009	60
4010	60
4011	52
4012	69
4013	63
4014	70
4015	54
4016	61
4017	56
4018	58
4019	65
4020	59
4021	54
4022	52
4023	68
4024	57
4025	65
4026	47
4027	55
4028	70
4029	54
4030	65
4031	66
4032	57
4033	59
4034	46
4035	59
4036	64
4037	61
4038	62
4039	56
4040	48
4041	58
4042	61
4043	63
4044	66
4045	62
4046	69
4047	56
4048	74
4049	53
4050	59
4051	78
4052	51
4053	56
4054	64
4055	66
4056	56
4057	61
4058	62
4059	58
4060	68
4061	78
4062	68
4063	80
4064	57
4065	76
4066	71
4067	80
4068	47
4069	68
4070	62
4071	59
4072	74
4073	69
4074	53
4075	61
4076	53
4077	68
4078	55
4079	76
4080	58
4081	64
4082	63
4083	75
4084	83
4085	60
4086	85
4087	57
4088	68
4089	44
4090	61
4091	71
4092	56
4093	72
4094	56
4095	57
4096	54
4097	63
4098	73
4099	79
4100	67
4101	84
4102	75
4103	77
4104	75
4105	55
4106	82
4107	83
4108	62
4109	76
4110	54
4111	53
4112	81
4113	81
4114	64
4115	61
4116	77
4117	88
4118	79
4119	75
4120	80
4121	78
4122	63
4123	65
4124	65
4125	68
4126	76
4127	70
4128	84
4129	76
4130	79
4131	78
4132	93
4133	63
4134	72
4135	93
4136	75
4137	86
4138	76
4139	92
4140	86
4141	70
4142	74
4143	67
4144	65
4145	79
4146	89
4147	78
4148	73
4149	76
4150	58
4151	71
4152	68
4153	72
4154	84
4155	78
4156	76
4157	76
4158	92
4159	95
4160	85
4161	79
4162	84
4163	91
4164	88
4165	73
4166	72
4167	101
4168	74
4169	85
4170	80
4171	92
4172	73
4173	72
4174	94
4175	78
4176	84
4177	96
4178	78
4179	88
4180	84
4181	69
4182	88
4183	82
4184	97
4185	76
4186	92
4187	77
4188	77
4189	79
4190	74
4191	104
4192	85
4193	83
4194	84
4195	94
4196	108
4197	88
4198	78
4199	108
4200	103
4201	96
4202	76
4203	98
4204	95
4205	85
4206	89
4207	85
4208	78
4209	96
4210	74
4211	103
4212	101
4213	90
4214	85
4215	91
4216	76
4217	81
4218	108
4219	86
4220	78
4221	108
4222	110
4223	100
4224	101
4225	88
4226	115
4227	88
4228	104
4229	101
4230	91
4231	89
4232	98
4233	95
4234	81
4235	82
4236	94
4237	92
4238	102
4239	95
4240	116
4241	93
4242	112
4243	83
4244	92
4245	91
4246	95
4247	89
4248	97
4249	124
4250	95
4251	101
4252	92
4253	103
4254	100
4255	100
4256	104
4257	93
4258	115
4259	98
4260	91
4261	92
4262	98
4263	98
4264	92
4265	93
4266	96
4267	116
4268	94
4269	89
4270	99
4271	103
4272	82
4273	88
4274	98
4275	118
4276	114
4277	107
4278	102
4279	96
4280	97
4281	106
4282	96
4283	109
4284	106
4285	99
4286	110
4287	119
4288	100
4289	81
4290	104
4291	103
4292	97
4293	97
4294	96
4295	108
4296	105
4297	88
4298	98
4299	97
4300	115
4301	112
4302	109
4303	95
4304	104
4305	95
4306	100
4307	109
4308	103
4309	111
4310	122
4311	100
4312	102
4313	101
4314	122
4315	87
4316	126
4317	113
4318	102
4319	96
4320	88
4321	106
4322	101
4323	110
4324	105
4325	98
4326	98
4327	117
4328	100
4329	110
4330	109
4331	89
4332	108
4333	97
4334	107
4335	113
4336	105
4337	96
4338	97
4339	107
4340	96
4341	95
4342	112
4343	97
4344	121
4345	95
4346	121
4347	97
4348	101
4349	96
4350	88
4351	93
4352	118
4353	95
4354	126
4355	123
4356	111
4357	98
4358	116
4359	110
4360	104
4361	101
4362	105
4363	104
4364	97
4365	98
4366	109
4367	105
4368	114
4369	106
4370	97
4371	111
4372	95
4373	95
4374	119
4375	94
4376	99
4377	94
4378	94
4379	96
4380	94
4381	100
4382	94
4383	94
4384	118
4385	93
4386	84
4387	103
4388	100
4389	88
4390	95
4391	93
4392	120
4393	111
4394	89
4395	107
4396	91
4397	108
4398	111
4399	83
4400	103
4401	104
4402	108
4403	117
4404	95
4405	108
4406	112
4407	113
4408	99
4409	104
4410	106
4411	88
4412	93
4413	91
4414	112
4415	102
4416	98
4417	104
4418	97
4419	108
4420	96
4421	115
4422	93
4423	105
4424	88
4425	98
4426	106
4427	88
4428	125
4429	93
4430	85
4431	93
4432	101
4433	108
4434	94
4435	104
4436	90
4437	111
4438	89
4439	87
4440	98
4441	104
4442	102
4443	75
4444	84
4445	84
4446	93
4447	93
4448	95
4449	85
4450	93
4451	94
4452	85
4453	95
4454	108
4455	84
4456	91
4457	88
4458	89
4459	92
4460	94
4461	88
4462	90
4463	85
4464	85
4465	87
4466	83
4467	92
4468	98
4469	81
4470	67
4471	86
4472	93
4473	90
4474	83
4475	115
4476	104
4477	87
4478	70
4479	79
4480	79
4481	103
4482	82
4483	76
4484	95
4485	90
4486	85
4487	97
4488	87
4489	101
4490	92
4491	91
4492	68
4493	83
4494	67
4495	81
4496	75
4497	74
4498	74
4499	76
4500	86
4501	65
4502	72
4503	65
4504	73
4505	71
4506	82
4507	81
4508	82
4509	68
4510	74
4511	78
4512	67
4513	60
4514	73
4515	69
4516	60
4517	59
4518	75
4519	80
4520	72
4521	81
4522	68
4523	74
4524	83
4525	77
4526	72
4527	69
4528	65
4529	75
4530	59
4531	69
4532	71
4533	76
4534	74
4535	57
4536	55
4537	65
4538	66
4539	73
4540	56
4541	62
4542	73
4543	69
4544	57
4545	77
4546	51
4547	53
4548	54
4549	76
4550	68
4551	61
4552	58
4553	78
4554	59
4555	60
4556	81
4557	64
4558	58
4559	73
4560	51
4561	54
4562	64
4563	48
4564	64
4565	48
4566	67
4567	59
4568	61
4569	65
4570	57
4571	51
4572	58
4573	69
4574	64
4575	45
4576	68
4577	54
4578	57
4579	65
4580	59
4581	52
4582	55
4583	45
4584	59
4585	44
4586	57
4587	59
4588	54
4589	65
4590	59
4591	63
4592	66
4593	47
4594	49
4595	59
4596	55
4597	71
4598	53
4599	61
4600	50
4601	73
4602	39
4603	41
4604	50
4605	49
4606	55
4607	54
4608	49
4609	58
4610	46
4611	39
4612	36
4613	59
4614	51
4615	45
4616	59
4617	57
4618	42
4619	47
4620	57
4621	51
4622	44
4623	42
4624	70
4625	55
4626	65
4627	55
4628	49
4629	39
4630	43
4631	54
4632	58
4633	63
4634	53
4635	47
4636	47
4637	55
4638	55
4639	55
4640	49
4641	48
4642	42
4643	47
4644	40
4645	53
4646	47
4647	38
4648	60
4649	49
4650	39
4651	43
4652	39
4653	46
4654	60
4655	43
4656	43
4657	64
4658	48
4659	49
4660	46
4661	47
4662	48
4663	44
4664	57
4665	58
4666	55
4667	50
4668	36
4669	48
4670	53
4671	56
4672	49
4673	53
4674	42
4675	46
4676	48
4677	49
4678	46
4679	48
4680	52
4681	50
4682	46
4683	52
4684	72
4685	52
4686	41
4687	56
4688	47
4689	47
4690	49
4691	61
4692	60
4693	50
4694	71
4695	52
4696	51
4697	59
4698	52
4699	48
4700	59
4701	54
4702	55
4703	63
4704	58
4705	60
4706	54
4707	47
4708	63
4709	58
4710	59
4711	63
4712	46
4713	47
4714	54
4715	55
4716	52
4717	60
4718	47
4719	65
4720	56
4721	61
4722	66
4723	51
4724	61
4725	68
4726	62
4727	65
4728	70
4729	49
4730	55
4731	55
4732	59
4733	56
4734	48
4735	66
4736	56
4737	58
4738	61
4739	70
4740	55
4741	75
4742	66
4743	72
4744	52
4745	65
4746	56
4747	72
4748	71
4749	63
4750	63
4751	58
4752	61
4753	66
4754	56
4755	67
4756	74
4757	71
4758	73
4759	68
4760	55
4761	74
4762	64
4763	59
4764	72
4765	79
4766	89
4767	75
4768	79
4769	71
4770	62
4771	86
4772	79
4773	78
4774	66
4775	61
4776	67
4777	76
4778	73
4779	79
4780	66
4781	76
4782	84
4783	73
4784	87
4785	76
4786	76
4787	94
4788	91
4789	80
4790	88
4791	94
4792	81
4793	93
4794	80
4795	67
4796	85
4797	85
4798	102
4799	87
4800	78
4801	92
4802	96
4803	70
4804	86
4805	105
4806	87
4807	100
4808	102
4809	104
4810	80
4811	111
4812	103
4813	96
4814	99
4815	92
4816	96
4817	96
4818	94
4819	120
4820	110
4821	102
4822	103
4823	99
4824	95
4825	99
4826	112
4827	114
4828	109
4829	101
4830	105
4831	102
4832	86
4833	119
4834	102
4835	102
4836	119
4837	110
4838	110
4839	123
4840	105
4841	95
4842	120
4843	115
4844	117
4845	119
4846	114
4847	115
4848	115
4849	113
4850	126
4851	111
4852	110
4853	95
4854	111
4855	134
4856	119
4857	127
4858	127
4859	135
4860	133
4861	115
4862	119
4863	154
4864	125
4865	138
4866	133
4867	142
4868	119
4869	120
4870	119
4871	132
4872	133
4873	130
4874	145
4875	146
4876	147
4877	125
4878	122
4879	144
4880	140
4881	125
4882	140
4883	160
4884	143
4885	123
4886	144
4887	142
4888	142
4889	133
4890	133
4891	139
4892	131
4893	147
4894	145
4895	161
4896	129
4897	155
4898	165
4899	143
4900	164
4901	156
4902	131
4903	144
4904	155
4905	158
4906	141
4907	174
4908	145
4909	174
4910	146
4911	146
4912	174
4913	160
4914	159
4915	166
4916	171
4917	179
4918	165
4919	168
4920	172
4921	173
4922	184
4923	178
4924	182
4925	159
4926	167
4927	168
4928	160
4929	180
4930	174
4931	169
4932	169
4933	174
4934	178
4935	173
4936	171
4937	188
4938	184
4939	188
4940	186
4941	193
4942	170
4943	204
4944	186
4945	179
4946	188
4947	192
4948	178
4949	179
4950	183
4951	189
4952	194
4953	201
4954	161
4955	174
4956	177
4957	182
4958	199
4959	178
4960	206
4961	225
4962	189
4963	201
4964	195
4965	204
4966	217
4967	195
4968	212
4969	194
4970	207
4971	206
4972	205
4973	198
4974	185
4975	181
4976	194
4977	213
4978	200
4979	211
4980	191
4981	187
4982	217
4983	203
4984	205
4985	228
4986	220
4987	200
4988	199
4989	193
4990	237
4991	215
4992	223
4993	228
4994	215
4995	201
4996	219
4997	212
4998	208
4999	224
5000	222
5001	232
5002	245
5003	203
5004	236
5005	227
5006	217
5007	212
5008	239
5009	247
5010	212
5011	243
5012	227
5013	226
5014	250
5015	230
5016	226
5017	210
5018	243
5019	207
5020	213
5021	245
5022	231
5023	199
5024	232
5025	252
5026	267
5027	245
5028	254
5029	264
5030	213
5031	254
5032	243
5033	241
5034	227
5035	255
5036	236
5037	235
5038	250
5039	247
5040	212
5041	255
5042	229
5043	267
5044	221
5045	188
5046	233
5047	273
5048	222
5049	237
5050	232
5051	244
5052	226
5053	276
5054	227
5055	235
5056	240
5057	267
5058	250
5059	263
5060	252
5061	233
5062	257
5063	233
5064	254
5065	251
5066	260
5067	207
5068	253
5069	238
5070	280
5071	246
5072	244
5073	234
5074	246
5075	234
5076	250
5077	230
5078	229
5079	247
5080	258
5081	226
5082	261
5083	272
5084	273
5085	247
5086	263
5087	241
5088	243
5089	250
5090	249
5091	241
5092	274
5093	249
5094	276
5095	260
5096	256
5097	243
5098	252
5099	264
5100	271
5101	242
5102	261
5103	247
5104	261
5105	231
5106	248
5107	223
5108	271
5109	261
5110	253
5111	248
5112	278
5113	279
5114	235
5115	239
5116	264
5117	242
5118	252
5119	252
5120	280
5121	251
5122	249
5123	268
5124	271
5125	233
5126	230
5127	241
5128	298
5129	253
5130	244
5131	242
5132	239
5133	277
5134	291
5135	230
5136	268
5137	283
5138	286
5139	259
5140	270
5141	252
5142	256
5143	236
5144	270
5145	263
5146	273
5147	251
5148	259
5149	269
5150	237
5151	262
5152	245
5153	264
5154	254
5155	265
5156	239
5157	257
5158	261
5159	249
5160	243
5161	253
5162	262
5163	242
5164	246
5165	273
5166	262
5167	254
5168	266
5169	240
5170	279
5171	227
5172	272
5173	217
5174	278
5175	234
5176	227
5177	245
5178	238
5179	218
5180	246
5181	260
5182	222
5183	249
5184	239
5185	247
5186	262
5187	215
5188	258
5189	245
5190	251
5191	294
5192	232
5193	237
5194	259
5195	229
5196	235
5197	227
5198	251
5199	251
5200	263
5201	255
5202	281
5203	260
5204	236
5205	233
5206	259
5207	245
5208	266
5209	237
5210	247
5211	257
5212	242
5213	235
5214	229
5215	234
5216	220
5217	230
5218	240
5219	242
5220	222
5221	219
5222	240
5223	207
5224	230
5225	213
5226	213
5227	245
5228	211
5229	261
5230	203
5231	241
5232	227
5233	248
5234	234
5235	203
5236	226
5237	212
5238	221
5239	207
5240	221
5241	189
5242	203
5243	235
5244	236
5245	211
5246	224
5247	201
5248	238
5249	225
5250	192
5251	211
5252	197
5253	219
5254	181
5255	234
5256	211
5257	208
5258	220
5259	216
5260	196
5261	197
5262	199
5263	206
5264	200
5265	193
5266	214
5267	219
5268	220
5269	226
5270	226
5271	229
5272	207
5273	195
5274	194
5275	208
5276	182
5277	184
5278	224
5279	198
5280	200
5281	214
5282	197
5283	173
5284	205
5285	204
5286	182
5287	200
5288	188
5289	181
5290	179
5291	178
5292	190
5293	199
5294	184
5295	194
5296	197
5297	190
5298	182
5299	198
5300	178
5301	183
5302	193
5303	207
5304	200
5305	190
5306	202
5307	193
5308	193
5309	178
5310	196
5311	164
5312	164
5313	185
5314	210
5315	185
5316	165
5317	190
5318	168
5319	180
5320	192
5321	167
5322	166
5323	196
5324	168
5325	174
5326	153
5327	190
5328	166
5329	175
5330	169
5331	153
5332	157
5333	166
5334	183
5335	158
5336	161
5337	171
5338	169
5339	166
5340	179
5341	163
5342	149
5343	150
5344	162
5345	171
5346	127
5347	144
5348	155
5349	169
5350	140
5351	149
5352	144
5353	181
5354	172
5355	165
5356	154
5357	159
5358	178
5359	155
5360	126
5361	176
5362	154
5363	145
5364	147
5365	168
5366	151
5367	142
5368	154
5369	151
5370	139
5371	161
5372	154
5373	167
5374	125
5375	149
5376	160
5377	150
5378	169
5379	149
5380	118
5381	145
5382	130
5383	142
5384	145
5385	142
5386	129
5387	141
5388	147
5389	142
5390	132
5391	139
5392	129
5393	141
5394	149
5395	143
5396	128
5397	128
5398	150
5399	116
5400	116
5401	106
5402	131
5403	128
5404	129
5405	114
5406	136
5407	138
5408	128
5409	126
5410	134
5411	139
5412	109
5413	148
5414	127
5415	153
5416	140
5417	144
5418	137
5419	128
5420	119
5421	116
5422	133
5423	117
5424	137
5425	120
5426	127
5427	132
5428	127
5429	126
5430	120
5431	129
5432	128
5433	124
5434	136
5435	102
5436	122
5437	122
5438	108
5439	112
5440	109
5441	123
5442	102
5443	123
5444	107
5445	129
5446	119
5447	115
5448	108
5449	106
5450	142
5451	103
5452	105
5453	113
5454	129
5455	112
5456	106
5457	102
5458	101
5459	105
5460	96
5461	125
5462	108
5463	130
5464	112
5465	108
5466	121
5467	113
5468	97
5469	127
5470	114
5471	93
5472	109
5473	111
5474	133
5475	115
5476	98
5477	121
5478	104
5479	81
5480	109
5481	120
5482	112
5483	109
5484	100
5485	103
5486	113
5487	108
5488	103
5489	102
5490	117
5491	97
5492	111
5493	96
5494	116
5495	119
5496	106
5497	92
5498	123
5499	110
5500	90
5501	101
5502	106
5503	78
5504	98
5505	113
5506	92
5507	103
5508	98
5509	85
5510	102
5511	95
5512	88
5513	98
5514	97
5515	80
5516	105
5517	94
5518	113
5519	111
5520	83
5521	116
5522	97
5523	101
5524	113
5525	90
5526	119
5527	99
5528	112
5529	85
5530	99
5531	118
5532	103
5533	98
5534	116
5535	108
5536	99
5537	88
5538	67
5539	98
5540	110
5541	104
5542	99
5543	104
5544	101
5545	95
5546	93
5547	98
5548	91
5549	97
5550	103
5551	85
5552	114
5553	98
5554	95
5555	85
5556	96
5557	97
5558	96
5559	101
5560	94
5561	108
5562	98
5563	88
5564	95
5565	103
5566	91
5567	122
5568	103
5569	98
5570	98
5571	105
5572	101
5573	72
5574	89
5575	91
5576	107
5577	107
5578	87
5579	109
5580	90
5581	108
5582	103
5583	109
5584	84
5585	89
5586	103
5587	96
5588	79
5589	94
5590	96
5591	97
5592	76
5593	94
5594	72
5595	88
5596	80
5597	97
5598	98
5599	85
5600	100
5601	96
5602	92
5603	97
5604	100
5605	83
5606	95
5607	67
5608	75
5609	103
5610	85
5611	103
5612	91
5613	99
5614	67
5615	93
5616	76
5617	83
5618	84
5619	85
5620	81
5621	75
5622	85
5623	84
5624	77
5625	78
5626	97
5627	74
5628	99
5629	86
5630	97
5631	90
5632	82
5633	100
5634	86
5635	75
5636	92
5637	86
5638	80
5639	76
5640	97
5641	91
5642	93
5643	83
5644	83
5645	82
5646	88
5647	93
5648	62
5649	84
5650	95
5651	73
5652	72
5653	66
5654	86
5655	79
5656	67
5657	88
5658	93
5659	86
5660	90
5661	78
5662	90
5663	79
5664	98
5665	84
5666	81
5667	86
5668	87
5669	98
5670	87
5671	82
5672	75
5673	82
5674	76
5675	82
5676	76
5677	63
5678	72
5679	71
5680	84
5681	76
5682	84
5683	82
5684	63
5685	69
5686	78
5687	86
5688	81
5689	82
5690	69
5691	72
5692	84
5693	81
5694	73
5695	69
5696	74
5697	78
5698	75
5699	72
5700	72
5701	72
5702	83
5703	60
5704	75
5705	83
5706	67
5707	87
5708	75
5709	73
5710	73
5711	70
5712	77
5713	65
5714	95
5715	75
5716	77
5717	82
5718	82
5719	64
5720	63
5721	74
5722	72
5723	71
5724	74
5725	69
5726	74
5727	60
5728	73
5729	67
5730	79
5731	63
5732	69
5733	75
5734	68
5735	64
5736	77
5737	49
5738	73
5739	71
5740	73
5741	77
5742	64
5743	67
5744	79
5745	69
5746	68
5747	67
5748	76
5749	70
5750	63
5751	77
5752	83
5753	70
5754	66
5755	77
5756	76
5757	59
5758	58
5759	66
5760	71
5761	69
5762	68
5763	79
5764	63
5765	68
5766	54
5767	73
5768	58
5769	50
5770	62
5771	55
5772	45
5773	45
5774	57
5775	59
5776	64
5777	66
5778	59
5779	56
5780	59
5781	55
5782	65
5783	56
5784	59
5785	43
5786	49
5787	66
5788	54
5789	62
5790	54
5791	50
5792	58
5793	64
5794	60
5795	49
5796	60
5797	50
5798	59
5799	54
5800	56
5801	51
5802	51
5803	52
5804	49
5805	52
5806	66
5807	57
5808	52
5809	58
5810	47
5811	60
5812	55
5813	45
5814	64
5815	48
5816	58
5817	54
5818	57
5819	62
5820	52
5821	39
5822	57
5823	36
5824	57
5825	54
5826	48
5827	56
5828	48
5829	56
5830	47
5831	46
5832	52
5833	68
5834	35
5835	44
5836	36
5837	37
5838	42
5839	47
5840	40
5841	36
5842	48
5843	35
5844	43
5845	41
5846	57
5847	53
5848	49
5849	44
5850	35
5851	49
5852	43
5853	38
5854	55
5855	45
5856	36
5857	47
5858	42
5859	42
5860	32
5861	47
5862	39
5863	39
5864	43
5865	47
5866	46
5867	53
5868	40
5869	37
5870	46
5871	44
5872	40
5873	33
5874	32
5875	44
5876	33
5877	36
5878	31
5879	31
5880	53
5881	27
5882	51
5883	46
5884	34
5885	36
5886	39
5887	43
5888	30
5889	30
5890	42
5891	31
5892	39
5893	23
5894	28
5895	46
5896	36
5897	40
5898	36
5899	37
5900	40
5901	25
5902	36
5903	43
5904	33
5905	42
5906	40
5907	29
5908	47
5909	35
5910	45
5911	36
5912	33
5913	39
5914	27
5915	31
5916	29
5917	38
5918	37
5919	37
5920	29
5921	40
5922	33
5923	45
5924	33
5925	32
5926	25
5927	31
5928	41
5929	24
5930	30
5931	40
5932	35
5933	33
5934	27
5935	35
5936	32
5937	27
5938	33
5939	20
5940	24
5941	26
5942	28
5943	29
5944	30
5945	42
5946	31
5947	33
5948	39
5949	34
5950	37
5951	35
5952	26
5953	31
5954	39
5955	32
5956	29
5957	30
5958	20
5959	26
5960	30
5961	39
5962	29
5963	21
5964	33
5965	29
5966	27
5967	28
5968	26
5969	37
5970	25
5971	32
5972	29
5973	36
5974	26
5975	36
5976	29
5977	34
5978	32
5979	22
5980	37
5981	37
5982	24
5983	37
5984	20
5985	26
5986	34
5987	24
5988	31
5989	25
5990	34
5991	25
5992	24
5993	24
5994	23
5995	37
5996	22
5997	21
5998	30
5999	19
6000	20
6001	30
6002	29
6003	19
6004	26
6005	30
6006	26
6007	24
6008	19
6009	24
6010	24
6011	23
6012	19
6013	17
6014	24
6015	28
6016	26
6017	25
6018	26
6019	30
6020	17
6021	19
6022	20
6023	21
6024	25
6025	29
6026	35
6027	31
6028	31
6029	16
6030	20
6031	28
6032	20
6033	28
6034	24
6035	23
6036	31
6037	27
6038	23
6039	26
6040	24
6041	18
6042	31
6043	19
6044	14
6045	28
6046	29
6047	27
6048	34
6049	22
6050	18
6051	27
6052	27
6053	27
6054	26
6055	24
6056	23
6057	9
6058	12
6059	23
6060	17
6061	34
6062	19
6063	18
6064	30
6065	20
6066	17
6067	28
6068	31
6069	29
6070	26
6071	28
6072	21
6073	19
6074	26
6075	23
6076	19
6077	16
6078	19
6079	32
6080	21
6081	30
6082	24
6083	24
6084	30
6085	17
6086	19
6087	26
6088	23
6089	27
6090	24
6091	24
6092	11
6093	31
6094	26
6095	27
6096	20
6097	25
6098	25
6099	23
6100	25
6101	22
6102	28
6103	29
6104	20
6105	25
6106	24
6107	27
6108	20
6109	23
6110	26
6111	28
6112	21
6113	20
6114	25
6115	23
6116	20
6117	25
6118	30
6119	27
6120	28
6121	32
6122	18
6123	22
6124	25
6125	17
6126	25
6127	22
6128	26
6129	25
6130	29
6131	21
6132	30
6133	21
6134	28
6135	29
6136	24
6137	22
6138	16
6139	16
6140	34
6141	14
6142	29
6143	30
6144	25
6145	26
6146	33
6147	34
6148	17
6149	17
6150	23
6151	33
6152	24
6153	21
6154	29
6155	25
6156	18
6157	29
6158	17
6159	28
6160	24
6161	23
6162	23
6163	21
6164	26
6165	21
6166	26
6167	26
6168	28
6169	25
6170	34
6171	23
6172	30
6173	27
6174	35
6175	25
6176	29
6177	18
6178	24
6179	28
6180	22
6181	19
6182	27
6183	20
6184	25
6185	34
6186	31
6187	29
6188	31
6189	18
6190	22
6191	31
6192	27
6193	34
6194	17
6195	31
6196	20
6197	25
6198	26
6199	29
6200	24
6201	28
6202	21
6203	28
6204	26
6205	29
6206	16
6207	32
6208	26
6209	34
6210	24
6211	24
6212	23
6213	28
6214	37
6215	30
6216	40
6217	13
6218	21
6219	26
6220	28
6221	21
6222	31
6223	27
6224	26
6225	31
6226	29
6227	19
6228	19
6229	18
6230	41
6231	29
6232	37
6233	23
6234	25
6235	24
6236	23
6237	33
6238	29
6239	24
6240	26
6241	22
6242	27
6243	27
6244	37
6245	29
6246	22
6247	33
6248	32
6249	27
6250	33
6251	35
6252	30
6253	22
6254	26
6255	28
6256	16
6257	26
6258	27
6259	24
6260	20
6261	33
6262	28
6263	20
6264	33
6265	34
6266	24
6267	28
6268	26
6269	15
6270	22
6271	27
6272	24
6273	28
6274	21
6275	39
6276	32
6277	36
6278	27
6279	27
6280	28
6281	22
6282	39
6283	25
6284	32
6285	33
6286	30
6287	35
6288	30
6289	22
6290	25
6291	40
6292	33
6293	36
6294	28
6295	40
6296	24
6297	25
6298	31
6299	28
6300	32
6301	28
6302	26
6303	35
6304	35
6305	31
6306	35
6307	33
6308	35
6309	28
6310	31
6311	34
6312	32
6313	34
6314	42
6315	27
6316	27
6317	33
6318	32
6319	28
6320	28
6321	32
6322	18
6323	29
6324	30
6325	33
6326	16
6327	31
6328	35
6329	42
6330	28
6331	29
6332	31
6333	27
6334	29
6335	39
6336	28
6337	23
6338	35
6339	40
6340	43
6341	28
6342	20
6343	23
6344	34
6345	29
6346	33
6347	40
6348	30
6349	29
6350	31
6351	34
6352	36
6353	28
6354	29
6355	34
6356	33
6357	31
6358	28
6359	41
6360	34
6361	28
6362	29
6363	31
6364	31
6365	37
6366	29
6367	38
6368	32
6369	38
6370	27
6371	26
6372	35
6373	37
6374	32
6375	39
6376	27
6377	24
6378	37
6379	32
6380	36
6381	49
6382	40
6383	41
6384	24
6385	34
6386	36
6387	39
6388	32
6389	25
6390	23
6391	46
6392	30
6393	38
6394	43
6395	31
6396	34
6397	26
6398	38
6399	35
6400	36
6401	22
6402	36
6403	20
6404	47
6405	35
6406	22
6407	42
6408	30
6409	36
6410	38
6411	36
6412	35
6413	32
6414	43
6415	21
6416	33
6417	37
6418	26
6419	28
6420	32
6421	36
6422	40
6423	23
6424	39
6425	24
6426	41
6427	40
6428	33
6429	27
6430	25
6431	38
6432	37
6433	31
6434	37
6435	32
6436	39
6437	42
6438	37
6439	38
6440	28
6441	31
6442	40
6443	32
6444	28
6445	33
6446	36
6447	35
6448	41
6449	32
6450	29
6451	31
6452	39
6453	35
6454	42
6455	33
6456	30
6457	36
6458	26
6459	38
6460	36
6461	29
6462	30
6463	26
6464	26
6465	30
6466	44
6467	28
6468	33
6469	35
6470	24
6471	32
6472	36
6473	33
6474	39
6475	32
6476	21
6477	27
6478	31
6479	20
6480	27
6481	35
6482	32
6483	37
6484	35
6485	32
6486	29
6487	30
6488	32
6489	31
6490	26
6491	29
6492	31
6493	34
6494	33
6495	30
6496	27
6497	25
6498	30
6499	17
6500	28
6501	29
6502	42
6503	26
6504	33
6505	38
6506	26
6507	29
6508	30
6509	34
6510	30
6511	27
6512	33
6513	28
6514	19
6515	24
6516	32
6517	31
6518	31
6519	27
6520	41
6521	20
6522	25
6523	33
6524	28
6525	29
6526	28
6527	37
6528	38
6529	29
6530	38
6531	25
6532	24
6533	24
6534	35
6535	25
6536	21
6537	30
6538	34
6539	22
6540	25
6541	27
6542	25
6543	32
6544	19
6545	27
6546	31
6547	27
6548	27
6549	24
6550	28
6551	29
6552	14
6553	20
6554	28
6555	34
6556	28
6557	22
6558	21
6559	21
6560	35
6561	36
6562	31
6563	24
6564	26
6565	29
6566	27
6567	18
6568	26
6569	25
6570	18
6571	23
6572	24
6573	20
6574	26
6575	27
6576	21
6577	28
6578	22
6579	28
6580	21
6581	28
6582	24
6583	25
6584	25
6585	28
6586	19
6587	26
6588	23
6589	32
6590	18
6591	20
6592	26
6593	16
6594	17
6595	18
6596	25
6597	32
6598	28
6599	24
6600	14
6601	16
6602	21
6603	24
6604	23
6605	25
6606	28
6607	22
6608	18
6609	26
6610	16
6611	22
6612	18
6613	24
6614	16
6615	15
6616	19
6617	25
6618	16
6619	16
6620	16
6621	22
6622	19
6623	19
6624	24
6625	20
6626	22
6627	18
6628	15
6629	26
6630	20
6631	15
6632	23
6633	22
6634	16
6635	5
6636	19
6637	15
6638	16
6639	23
6640	22
6641	13
6642	19
6643	23
6644	18
6645	19
6646	16
6647	15
6648	13
6649	15
6650	14
6651	30
6652	22
6653	12
6654	18
6655	19
6656	22
6657	14
6658	17
6659	22
6660	11
6661	20
6662	15
6663	20
6664	25
6665	13
6666	19
6667	16
6668	20
6669	16
6670	18
6671	13
6672	14
6673	20
6674	24
6675	20
6676	16
6677	23
6678	9
6679	10
6680	17
6681	16
6682	18
6683	12
6684	18
6685	16
6686	18
6687	22
6688	14
6689	14
6690	14
6691	9
6692	19
6693	14
6694	19
6695	13
6696	13
6697	12
6698	12
6699	16
6700	11
6701	15
6702	11
6703	23
6704	6
6705	14
6706	15
6707	15
6708	16
6709	12
6710	12
6711	13
6712	17
6713	22
6714	12
6715	16
6716	15
6717	12
6718	18
6719	11
6720	9
6721	10
6722	14
6723	10
6724	11
6725	10
6726	11
6727	10
6728	13
6729	10
6730	8
6731	11
6732	14
6733	16
6734	13
6735	16
6736	17
6737	8
6738	13
6739	10
6740	8
6741	4
6742	17
6743	14
6744	19
6745	12
6746	9
6747	10
6748	11
6749	5
6750	15
6751	8
6752	13
6753	13
6754	8
6755	8
6756	10
6757	16
6758	11
6759	14
6760	10
6761	13
6762	7
6763	7
6764	9
6765	9
6766	10
6767	9
6768	7
6769	8
6770	14
6771	9
6772	9
6773	9
6774	11
6775	9
6776	11
6777	15
6778	8
6779	8
6780	11
6781	11
6782	12
6783	15
6784	11
6785	6
6786	9
6787	14
6788	11
6789	15
6790	10
6791	6
6792	10
6793	11
6794	6
6795	3
6796	6
6797	7
6798	8
6799	15
6800	11
6801	4
6802	12
6803	12
6804	12
6805	12
6806	10
6807	7
6808	9
6809	11
6810	8
6811	9
6812	13
6813	9
6814	5
6815	7
6816	9
6817	7
6818	4
6819	5
6820	6
6821	10
6822	10
6823	7
6824	9
6825	8
6826	6
6827	7
6828	8
6829	6
6830	6
6831	8
6832	6
6833	12
6834	4
6835	11
6836	12
6837	13
6838	6
6839	11
6840	9
6841	6
6842	7
6843	5
6844	8
6845	3
6846	8
6847	9
6848	5
6849	4
6850	4
6851	11
6852	8
6853	5
6854	2
6855	4
6856	5
6857	2
6858	8
6859	6
6860	3
6861	4
6862	4
6863	6
6864	3
6865	6
6866	5
6867	6
6868	11
6869	6
6870	6
6871	7
6872	3
6873	5
6874	5
6875	7
6876	8
6877	3
6878	7
6879	5
6880	8
6881	1
6882	8
6883	4
6884	10
6885	6
6886	5
6887	11
6888	2
6889	7
6890	8
6891	6
6892	7
6893	4
6894	7
6895	5
6896	4
6897	7
6898	3
6899	4
6900	6
6901	6
6902	5
6903	5
6904	2
6905	9
6906	7
6907	6
6908	4
6909	4
6910	4
6911	4
6912	3
6913	4
6914	7
6915	9
6916	5
6917	3
6918	9
6919	1
6920	3
6921	3
6922	5
6923	6
6924	5
6925	4
6926	5
6927	4
6928	3
6929	6
6930	7
6931	4
6932	4
6933	5
6934	4
6935	3
6936	6
6937	2
6938	3
6939	1
6940	8
6941	7
6942	9
6943	10
6944	6
6945	3
6946	3
6947	4
6948	7
6949	7
6950	3
6951	2
6952	3
6953	5
6954	2
6955	7
6956	4
6957	1
6958	5
6959	5
6960	4
6961	2
6962	9
6963	3
6964	2
6965	3
6966	6
6967	1
6968	2
6969	1
6970	5
6971	5
6972	6
6973	2
6974	6
6975	7
6976	3
6977	3
6978	4
6979	7
6980	3
6981	7
6982	5
6983	1
6984	4
6985	6
6986	8
6987	6
6988	3
6989	2
6990	3
6991	7
6992	4
6993	5
6994	5
6995	2
6996	7
6997	3
6998	1
6999	2
7000	5
7001	4
7002	7
7003	2
7004	7
7005	3
7006	3
7007	1
7008	4
7009	3
7010	3
7011	3
7012	5
7013	8
7014	6
7015	5
7016	3
7017	4
7018	6
7019	6
7020	8
7021	7
7022	3
7023	4
7024	8
7025	8
7026	4
7027	0
7028	3
7029	4
7030	9
7031	5
7032	2
7033	4
7034	5
7035	3
7036	4
7037	2
7038	4
7039	2
7040	1
7041	3
7042	4
7043	7
7044	3
7045	5
7046	5
7047	6
7048	7
7049	3
7050	8
7051	5
7052	0
7053	8
7054	3
7055	5
7056	3
7057	3
7058	2
7059	6
7060	5
7061	5
7062	3
7063	2
7064	4
7065	5
7066	5
7067	5
7068	7
7069	1
7070	8
7071	3
7072	4
7073	2
7074	3
7075	7
7076	5
7077	7
7078	2
7079	3
7080	5
7081	2
7082	8
7083	5
7084	3
7085	2
7086	3
7087	4
7088	2
7089	4
7090	5
7091	4
7092	6
7093	4
7094	5
7095	4
7096	2
7097	4
7098	4
7099	4
7100	1
7101	3
7102	3
7103	7
7104	2
7105	4
7106	2
7107	2
7108	2
7109	2
7110	4
7111	4
7112	3
7113	5
7114	6
7115	2
7116	2
7117	2
7118	6
7119	2
7120	2
7121	3
7122	4
7123	8
7124	3
7125	2
7126	1
7127	7
7128	6
7129	8
7130	3
7131	3
7132	4
7133	7
7134	5
7135	4
7136	4
7137	3
7138	7
7139	2
7140	5
7141	5
7142	2
7143	4
7144	2
7145	5
7146	3
7147	4
7148	3
7149	0
7150	4
7151	6
7152	5
7153	3
7154	1
7155	5
7156	3
7157	1
7158	3
7159	3
7160	2
7161	2
7162	1
7163	1
7164	1
7165	0
7166	3
7167	2
7168	1
7169	3
7170	4
7171	4
7172	4
7173	3
7174	5
7175	4
7176	1
7177	3
7178	1
7179	3
7180	1
7181	2
7182	3
7183	4
7184	2
7185	3
7186	7
7187	1
7188	7
7189	4
7190	3
7191	0
7192	4
7193	2
7194	3
7195	2
7196	5
7197	6
7198	1
7199	3
7200	2
7201	1
7202	9
7203	2
7204	3
7205	6
7206	4
7207	2
7208	3
7209	2
7210	3
7211	4
7212	1
7213	4
7214	1
7215	0
7216	3
7217	3
7218	0
7219	2
7220	3
7221	1
7222	0
7223	5
7224	3
7225	1
7226	3
7227	2
7228	1
7229	2
7230	2
7231	3
7232	3
7233	3
7234	2
7235	2
7236	2
7237	4
7238	1
7239	3
7240	3
7241	4
7242	3
7243	3
7244	1
7245	4
7246	2
7247	2
7248	1
7249	4
7250	2
7251	2
7252	0
7253	2
7254	2
7255	4
7256	5
7257	4
7258	4
7259	0
7260	2
7261	6
7262	2
7263	3
7264	3
7265	2
7266	0
7267	1
7268	1
7269	5
7270	1
7271	3
7272	4
7273	3
7274	5
7275	1
7276	2
7277	1
7278	2
7279	5
7280	0
7281	4
7282	3
7283	1
7284	3
7285	1
7286	3
7287	2
7288	2
7289	1
7290	5
7291	3
7292	3
7293	2
7294	1
7295	1
7296	2
7297	1
7298	0
7299	2
7300	2
7301	0
7302	2
7303	1
7304	1
7305	0
7306	2
7307	1
7308	1
7309	1
7310	0
7311	3
7312	2
7313	0
7314	3
7315	1
7316	3
7317	4
7318	0
7319	2
7320	2
7321	3
7322	2
7323	3
7324	2
7325	6
7326	3
7327	3
7328	3
7329	2
7330	1
7331	2
7332	4
7333	2
7334	0
7335	0
7336	1
7337	1
7338	1
7339	0
7340	2
7341	1
7342	2
7343	1
7344	0
7345	2
7346	0
7347	2
7348	1
7349	1
7350	0
7351	1
7352	2
7353	0
7354	1
7355	3
7356	1
7357	2
7358	2
7359	1
7360	1
7361	1
7362	1
7363	1
7364	2
7365	2
7366	1
7367	1
7368	3
7369	0
7370	2
7371	5
7372	2
7373	2
7374	1
7375	1
7376	1
7377	0
7378	1
7379	1
7380	2
7381	1
7382	1
7383	5
7384	2
7385	3
7386	0
7387	2
7388	0
7389	1
7390	1
7391	2
7392	1
7393	2
7394	2
7395	1
7396	1
7397	2
7398	0
7399	0
7400	0
7401	1
7402	1
7403	1
7404	3
7405	4
7406	1
7407	0
7408	2
7409	1
7410	0
7411	3
7412	1
7413	3
7414	1
7415	0
7416	0
7417	2
7418	4
7419	1
7420	3
7421	2
7422	1
7423	0
7424	0
7425	1
7426	1
7427	2
7428	2
7429	0
7430	1
7431	2
7432	2
7433	1
7434	2
7435	1
7436	0
7437	1
7438	1
7439	2
7440	1
7441	0
7442	3
7443	2
7444	1
7445	0
7446	0
7447	3
7448	2
7449	2
7450	2
7451	2
7452	2
7453	3
7454	1
7455	1
7456	4
7457	1
7458	2
7459	4
7460	0
7461	0
7462	3
7463	2
7464	6
7465	2
7466	1
7467	2
7468	1
7469	0
7470	1
7471	1
7472	2
7473	2
7474	0
7475	2
7476	2
7477	0
7478	2
7479	0
7480	1
7481	2
7482	0
7483	0
7484	1
7485	0
7486	2
7487	2
7488	1
7489	3
7490	2
7491	2
7492	0
7493	1
7494	3
7495	0
7496	0
7497	0
7498	2
7499	3
7500	2
7501	1
7502	0
7503	2
7504	1
7505	4
7506	0
7507	3
7508	0
7509	4
7510	1
7511	0
7512	2
7513	1
7514	2
7515	1
7516	2
7517	2
7518	0
7519	0
7520	4
7521	2
7522	2
7523	1
7524	3
7525	0
7526	0
7527	3
7528	2
7529	3
7530	0
7531	2
7532	5
7533	1
7534	0
7535	1
7536	2
7537	2
7538	1
7539	4
7540	5
7541	0
7542	2
7543	2
7544	1
7545	0
7546	3
7547	2
7548	1
7549	1
7550	2
7551	0
7552	2
7553	5
7554	2
7555	5
7556	1
7557	0
7558	1
7559	2
7560	2
7561	2
7562	2
7563	0
7564	2
7565	1
7566	2
7567	0
7568	0
7569	1
7570	0
7571	0
7572	2
7573	0
7574	2
7575	1
7576	2
7577	1
7578	0
7579	2
7580	2
7581	0
7582	1
7583	2
7584	0
7585	1
7586	1
7587	1
7588	2
7589	0
7590	1
7591	0
7592	3
7593	1
7594	0
7595	1
7596	0
7597	0
7598	0
7599	0
7600	1
7601	3
7602	2
7603	0
7604	1
7605	3
7606	2
7607	1
7608	1
7609	0
7610	1
7611	2
7612	1
7613	2
7614	3
7615	1
7616	1
7617	2
7618	1
7619	1
7620	1
7621	1
7622	2
7623	1
7624	2
7625	2
7626	0
7627	0
7628	2
7629	1
7630	1
7631	3
7632	0
7633	1
7634	2
7635	2
7636	0
7637	1
7638	1
7639	2
7640	0
7641	1
7642	1
7643	1
7644	1
7645	2
7646	1
7647	2
7648	0
7649	1
7650	2
7651	3
7652	2
7653	1
7654	4
7655	0
7656	1
7657	1
7658	1
7659	2
7660	1
7661	3
7662	0
7663	2
7664	0
7665	1
7666	2
7667	0
7668	0
7669	0
7670	2
7671	1
7672	2
7673	0
7674	1
7675	1
7676	3
7677	1
7678	1
7679	0
7680	1
7681	0
7682	0
7683	0
7684	3
7685	3
7686	1
7687	1
7688	2
7689	0
7690	1
7691	0
7692	3
7693	1
7694	4
7695	1
7696	0
7697	2
7698	2
7699	1
7700	2
7701	2
7702	2
7703	1
7704	1
7705	4
7706	1
7707	2
7708	1
7709	1
7710	0
7711	1
7712	1
7713	3
7714	2
7715	2
7716	3
7717	1
7718	0
7719	0
7720	1
7721	2
7722	0
7723	1
7724	0
7725	1
7726	0
7727	1
7728	5
7729	2
7730	2
7731	2
7732	1
7733	1
7734	1
7735	1
7736	1
7737	1
7738	2
7739	2
7740	2
7741	1
7742	0
7743	0
7744	3
7745	1
7746	1
7747	2
7748	1
7749	0
7750	0
7751	1
7752	3
7753	4
7754	0
7755	3
7756	2
7757	2
7758	1
7759	0
7760	1
7761	2
7762	2
7763	2
7764	1
7765	0
7766	2
7767	0
7768	3
7769	1
7770	1
7771	1
7772	1
7773	1
7774	0
7775	1
7776	2
7777	0
7778	2
7779	2
7780	1
7781	1
7782	2
7783	2
7784	3
7785	1
7786	0
7787	0
7788	2
7789	1
7790	0
7791	0
7792	2
7793	1
7794	0
7795	2
7796	2
7797	0
7798	2
7799	0
7800	4
7801	1
7802	4
7803	1
7804	1
7805	2
7806	1
7807	1
7808	0
7809	2
7810	1
7811	1
7812	0
7813	0
7814	0
7815	0
7816	1
7817	1
7818	2
7819	2
7820	3
7821	0
7822	2
7823	0
7824	2
7825	2
7826	2
7827	1
7828	2
7829	0
7830	0
7831	1
7832	1
7833	2
7834	2
7835	2
7836	2
7837	2
7838	0
7839	1
7840	0
7841	1
7842	0
7843	2
7844	1
7845	6
7846	0
7847	1
7848	0
7849	1
7850	1
7851	1
7852	0
7853	1
7854	2
7855	0
7856	2
7857	3
7858	0
7859	1
7860	3
7861	1
7862	0
7863	2
7864	0
7865	0
7866	1
7867	2
7868	2
7869	1
7870	2
7871	2
7872	4
7873	2
7874	3
7875	0
7876	0
7877	1
7878	2
7879	2
7880	0
7881	1
7882	0
7883	5
7884	0
7885	0
7886	0
7887	0
7888	4
7889	0
7890	3
7891	2
7892	0
7893	0
7894	1
7895	2
7896	0
7897	1
7898	2
7899	1
7900	0
7901	0
7902	2
7903	2
7904	2
7905	0
7906	1
7907	0
7908	1
7909	2
7910	0
7911	2
7912	0
7913	0
7914	1
7915	3
7916	0
7917	1
7918	0
7919	3
7920	0
7921	1
7922	0
7923	1
7924	1
7925	0
7926	1
7927	0
7928	2
7929	2
7930	1
7931	2
7932	4
7933	2
7934	0
7935	1
7936	1
7937	2
7938	0
7939	0
7940	3
7941	2
7942	0
7943	0
7944	1
7945	3
7946	2
7947	0
7948	1
7949	1
7950	0
7951	0
7952	0
7953	1
7954	2
7955	0
7956	0
7957	0
7958	1
7959	1
7960	0
7961	1
7962	1
7963	0
7964	2
7965	1
7966	0
7967	1
7968	2
7969	2
7970	1
7971	0
7972	2
7973	4
7974	0
7975	1
7976	2
7977	0
7978	2
7979	1
7980	1
7981	1
7982	0
7983	1
7984	3
7985	0
7986	2
7987	0
7988	1
7989	2
7990	1
7991	0
7992	1
7993	1
7994	0
7995	4
7996	1
7997	2
7998	1
7999	1
8000	1
8001	2
8002	2
8003	0
8004	2
8005	1
8006	1
8007	0
8008	1
8009	1
8010	0
8011	2
8012	3
8013	0
8014	0
8015	1
8016	1
8017	1
8018	2
8019	0
8020	2
8021	0
8022	1
8023	0
8024	1
8025	1
8026	0
8027	0
8028	0
8029	0
8030	1
8031	1
8032	0
8033	0
8034	0
8035	0
8036	0
8037	1
8038	0
8039	1
8040	0
8041	1
8042	1
8043	0
8044	1
8045	0
8046	1
8047	1
8048	0
8049	0
8050	0
8051	0
8052	0
8053	0
8054	1
8055	0
8056	1
8057	0
8058	0
8059	0
8060	1
8061	0
8062	0
8063	0
8064	0
8065	0
8066	0
8067	0
8068	0
8069	0
8070	0
8071	0
8072	0
8073	0
8074	0
8075	0
8076	0
8077	0
8078	0
8079	0
8080	0
8081	0
8082	0
8083	0
8084	0
8085	0
8086	0
8087	0
8088	0
8089	0
8090	0
8091	0
8092	0
8093	0
8094	0
8095	0
8096	0
8097	0
8098	0
8099	0
8100	0
8101	0
8102	0
8103	0
8104	0
8105	0
8106	0
8107	0
8108	0
8109	0
8110	0
8111	0
8112	0
8113	0
8114	0
8115	0
8116	0
8117	0
8118	0
8119	0
8120	0
8121	0
8122	0
8123	0
8124	0
8125	0
8126	0
8127	0
8128	0
8129	0
8130	0
8131	0
8132	0
8133	0
8134	0
8135	0
8136	0
8137	0
8138	0
8139	0
8140	0
8141	0
8142	0
8143	0
8144	0
8145	0
8146	0
8147	0
8148	0
8149	0
8150	0
8151	0
8152	0
8153	0
8154	0
8155	0
8156	0
8157	0
8158	0
8159	0
8160	0
8161	0
8162	0
8163	0
8164	0
8165	0
8166	0
8167	0
8168	0
8169	0
8170	0
8171	0
8172	0
8173	0
8174	0
8175	0
8176	0
8177	0
8178	0
8179	0
8180	0
8181	0
8182	0
8183	0
8184	0
8185	0
8186	0
8187	0
8188	0
8189	0
8190	0
8191	0
