70.000000  390.000000
72.000000  365.000000
74.000000  365.000000
76.000000  357.000000
78.000000  370.000000
80.000000  347.000000
82.000000  383.000000
84.000000  369.000000
86.000000  406.000000
88.000000  439.000000
90.000000  888.000000
92.000000  985.000000
94.000000  509.000000
96.000000  370.000000
98.000000  331.000000
100.000000  335.000000
102.000000  315.000000
104.000000  319.000000
106.000000  315.000000
108.000000  280.000000
110.000000  262.000000
112.000000  291.000000
114.000000  302.000000
116.000000  299.000000
118.000000  313.000000
120.000000  291.000000
122.000000  368.000000
124.000000  423.000000
126.000000  429.000000
128.000000  364.000000
130.000000  294.000000
132.000000  245.000000
134.000000  236.000000
136.000000  210.000000
138.000000  223.000000
140.000000  193.000000
142.000000  188.000000
144.000000  205.000000
146.000000  200.000000
148.000000  194.000000
150.000000  177.000000
